2.635088190436363220e-02 -1.986930370330810547e+00
2.633330784738063812e-02 -1.984351515769958496e+00
2.625167556107044220e-02 -1.981356859207153320e+00
2.616605162620544434e-02 -1.980858325958251953e+00
2.605804614722728729e-02 -1.983334302902221680e+00
2.603562362492084503e-02 -1.984389305114746094e+00
2.604059688746929169e-02 -1.981851100921630859e+00
2.602927014231681824e-02 -1.979285001754760742e+00
2.594195120036602020e-02 -1.979197740554809570e+00
2.591761574149131775e-02 -1.980278730392456055e+00
2.591964602470397949e-02 -1.982739686965942383e+00
2.598785795271396637e-02 -1.981765031814575195e+00
2.600872889161109924e-02 -1.981094121932983398e+00
2.602323144674301147e-02 -1.977689385414123535e+00
2.604308165609836578e-02 -1.974678158760070801e+00
2.603126689791679382e-02 -1.970602750778198242e+00
2.600944042205810547e-02 -1.967062950134277344e+00
2.601170539855957031e-02 -1.963697552680969238e+00
2.609827369451522827e-02 -1.959430456161499023e+00
2.616568282246589661e-02 -1.955689191818237305e+00
2.627079002559185028e-02 -1.950597524642944336e+00
2.633970417082309723e-02 -1.943154573440551758e+00
2.643924765288829803e-02 -1.937548279762268066e+00
2.649059519171714783e-02 -1.930098414421081543e+00
2.648258022964000702e-02 -1.922752380371093750e+00
2.649988047778606415e-02 -1.916426420211791992e+00
2.647374756634235382e-02 -1.909398794174194336e+00
2.636843360960483551e-02 -1.904638767242431641e+00
2.617749013006687164e-02 -1.902816176414489746e+00
2.592256851494312286e-02 -1.902783393859863281e+00
2.566373907029628754e-02 -1.904192924499511719e+00
2.525964938104152679e-02 -1.903701663017272949e+00
2.489629946649074554e-02 -1.902166604995727539e+00
2.448764443397521973e-02 -1.898903131484985352e+00
2.416541613638401031e-02 -1.895983219146728516e+00
2.398625575006008148e-02 -1.890075206756591797e+00
2.383212558925151825e-02 -1.885592460632324219e+00
2.386455424129962921e-02 -1.879564642906188965e+00
2.402272261679172516e-02 -1.873626470565795898e+00
2.428523637354373932e-02 -1.868082284927368164e+00
2.456695958971977234e-02 -1.866197228431701660e+00
2.483447454869747162e-02 -1.862794995307922363e+00
2.505102567374706268e-02 -1.860793828964233398e+00
2.534280903637409210e-02 -1.860793113708496094e+00
2.565323188900947571e-02 -1.864520788192749023e+00
2.591355331242084503e-02 -1.867687940597534180e+00
2.612966671586036682e-02 -1.871785640716552734e+00
2.623197063803672791e-02 -1.878570199012756348e+00
2.634620852768421173e-02 -1.884430050849914551e+00
2.644176408648490906e-02 -1.890314102172851562e+00
2.647671476006507874e-02 -1.896061897277832031e+00
2.652321010828018188e-02 -1.899263501167297363e+00
2.654246985912322998e-02 -1.902714729309082031e+00
2.656476944684982300e-02 -1.905432462692260742e+00
2.666710317134857178e-02 -1.907149195671081543e+00
2.678980678319931030e-02 -1.907498359680175781e+00
2.685462310910224915e-02 -1.910269379615783691e+00
2.690726704895496368e-02 -1.912696361541748047e+00
2.689932659268379211e-02 -1.915772676467895508e+00
2.691075392067432404e-02 -1.917846679687500000e+00
2.686344645917415619e-02 -1.922558188438415527e+00
2.675764635205268860e-02 -1.928016901016235352e+00
2.669261954724788666e-02 -1.936759948730468750e+00
2.664728276431560516e-02 -1.946654915809631348e+00
2.662629261612892151e-02 -1.955533862113952637e+00
2.666004374623298645e-02 -1.962933063507080078e+00
2.665437571704387665e-02 -1.969099998474121094e+00
2.669479511678218842e-02 -1.977510571479797363e+00
2.674783207476139069e-02 -1.988361477851867676e+00
2.680432610213756561e-02 -1.999761581420898438e+00
2.680214121937751770e-02 -2.010281562805175781e+00
2.674651518464088440e-02 -2.019943237304687500e+00
2.670534513890743256e-02 -2.026899099349975586e+00
2.660798653960227966e-02 -2.030339717864990234e+00
2.649997547268867493e-02 -2.033718585968017578e+00
2.639183402061462402e-02 -2.035530090332031250e+00
2.621796913444995880e-02 -2.036732196807861328e+00
2.605935744941234589e-02 -2.039397239685058594e+00
2.584654465317726135e-02 -2.043643474578857422e+00
2.553610689938068390e-02 -2.048347473144531250e+00
2.519733645021915436e-02 -2.054102659225463867e+00
2.474246546626091003e-02 -2.062730312347412109e+00
2.422928437590599060e-02 -2.073603153228759766e+00
2.370683662593364716e-02 -2.086082220077514648e+00
2.321003749966621399e-02 -2.101565122604370117e+00
2.279905788600444794e-02 -2.118724822998046875e+00
2.241012454032897949e-02 -2.138561487197875977e+00
2.208299189805984497e-02 -2.158606529235839844e+00
2.183734066784381866e-02 -2.177109241485595703e+00
2.173128910362720490e-02 -2.194813013076782227e+00
2.182605676352977753e-02 -2.216740369796752930e+00
2.198829688131809235e-02 -2.236953020095825195e+00
2.219076268374919891e-02 -2.256700754165649414e+00
2.248459495604038239e-02 -2.275480747222900391e+00
2.282746881246566772e-02 -2.295661211013793945e+00
2.306529320776462555e-02 -2.311309099197387695e+00
2.318030223250389099e-02 -2.325319528579711914e+00
2.325188927352428436e-02 -2.342092990875244141e+00
2.330417186021804810e-02 -2.357423305511474609e+00
2.340127527713775635e-02 -2.372300624847412109e+00
