3.365954756736755371e-01 -8.431397080421447754e-01 1.030287742614746094e+00 2.687700688838958740e-01 -7.988463044166564941e-01 9.136055111885070801e-01 3.582888841629028320e-01 -8.384060859680175781e-01 7.957995533943176270e-01 5.004750490188598633e-01 -8.411503434181213379e-01 8.533967733383178711e-01 4.749850630760192871e-01 -8.646225929260253906e-01 1.003347277641296387e+00
3.366286456584930420e-01 -8.430801033973693848e-01 1.030258417129516602e+00 2.686901688575744629e-01 -7.989104986190795898e-01 9.136710762977600098e-01 3.583547770977020264e-01 -8.384779691696166992e-01 7.957940101623535156e-01 5.004850029945373535e-01 -8.411412835121154785e-01 8.533294200897216797e-01 4.749951362609863281e-01 -8.646360039710998535e-01 1.003463268280029297e+00
3.366597890853881836e-01 -8.430438041687011719e-01 1.030212998390197754e+00 2.685612142086029053e-01 -7.990302443504333496e-01 9.136593937873840332e-01 3.585091829299926758e-01 -8.385693430900573730e-01 7.958729863166809082e-01 5.005061030387878418e-01 -8.412152528762817383e-01 8.532437086105346680e-01 4.749897122383117676e-01 -8.647106289863586426e-01 1.003626108169555664e+00
3.366631567478179932e-01 -8.430951833724975586e-01 1.030201196670532227e+00 2.684789597988128662e-01 -7.991201877593994141e-01 9.136859178543090820e-01 3.586199581623077393e-01 -8.385853767395019531e-01 7.958775162696838379e-01 5.005291104316711426e-01 -8.413329124450683594e-01 8.532359004020690918e-01 4.749582111835479736e-01 -8.648126721382141113e-01 1.003793835639953613e+00
3.366878032684326172e-01 -8.432085514068603516e-01 1.030192852020263672e+00 2.684178650379180908e-01 -7.991950511932373047e-01 9.136683940887451172e-01 3.587197959423065186e-01 -8.385446667671203613e-01 7.958742380142211914e-01 5.005300641059875488e-01 -8.414667248725891113e-01 8.533448576927185059e-01 4.749912023544311523e-01 -8.648718595504760742e-01 1.003903985023498535e+00
3.367526233196258545e-01 -8.432875275611877441e-01 1.030203342437744141e+00 2.684006094932556152e-01 -7.991663813591003418e-01 9.136963486671447754e-01 3.588753342628479004e-01 -8.385566473007202148e-01 7.958776950836181641e-01 5.005253553390502930e-01 -8.416050076484680176e-01 8.534622788429260254e-01 4.750125408172607422e-01 -8.650038242340087891e-01 1.004009127616882324e+00
3.367889225482940674e-01 -8.432856798171997070e-01 1.030211091041564941e+00 2.683368623256683350e-01 -7.991205453872680664e-01 9.137028455734252930e-01 3.590043485164642334e-01 -8.386020064353942871e-01 7.958509922027587891e-01 5.005123019218444824e-01 -8.417206406593322754e-01 8.535423278808593750e-01 4.750321805477142334e-01 -8.652021288871765137e-01 1.004093408584594727e+00
3.368405997753143311e-01 -8.432936668395996094e-01 1.030267715454101562e+00 2.683101594448089600e-01 -7.990942597389221191e-01 9.137814640998840332e-01 3.590665459632873535e-01 -8.386232256889343262e-01 7.957475185394287109e-01 5.004867911338806152e-01 -8.418669700622558594e-01 8.536671400070190430e-01 4.750483334064483643e-01 -8.654270172119140625e-01 1.004260420799255371e+00
3.369235396385192871e-01 -8.433683514595031738e-01 1.030383467674255371e+00 2.683316171169281006e-01 -7.990837693214416504e-01 9.139051437377929688e-01 3.591282367706298828e-01 -8.385034799575805664e-01 7.956742644309997559e-01 5.004172325134277344e-01 -8.419945836067199707e-01 8.537999391555786133e-01 4.750998616218566895e-01 -8.656154274940490723e-01 1.004423379898071289e+00
3.370237648487091064e-01 -8.434368371963500977e-01 1.030435681343078613e+00 2.684462070465087891e-01 -7.990469932556152344e-01 9.140365123748779297e-01 3.591095209121704102e-01 -8.384306430816650391e-01 7.956072688102722168e-01 5.003021359443664551e-01 -8.420878052711486816e-01 8.538674712181091309e-01 4.752127528190612793e-01 -8.657656311988830566e-01 1.004610300064086914e+00
3.371579051017761230e-01 -8.434714674949645996e-01 1.030529499053955078e+00 2.685464024543762207e-01 -7.989405989646911621e-01 9.141378998756408691e-01 3.590912222862243652e-01 -8.383704423904418945e-01 7.955591678619384766e-01 5.002154111862182617e-01 -8.421698808670043945e-01 8.539360761642456055e-01 4.753424525260925293e-01 -8.658334016799926758e-01 1.004757642745971680e+00
3.372446298599243164e-01 -8.434864878654479980e-01 1.030600547790527344e+00 2.687707841396331787e-01 -7.988630533218383789e-01 9.141688942909240723e-01 3.590129017829895020e-01 -8.383134007453918457e-01 7.955704927444458008e-01 5.001484751701354980e-01 -8.421236276626586914e-01 8.539885878562927246e-01 4.754552245140075684e-01 -8.659438490867614746e-01 1.004867434501647949e+00
3.373430967330932617e-01 -8.435047864913940430e-01 1.030615329742431641e+00 2.689674198627471924e-01 -7.988458275794982910e-01 9.140863418579101562e-01 3.588689565658569336e-01 -8.382731676101684570e-01 7.955622076988220215e-01 5.000370740890502930e-01 -8.421199917793273926e-01 8.539994955062866211e-01 4.755454063415527344e-01 -8.660408258438110352e-01 1.005036234855651855e+00
3.373298048973083496e-01 -8.434889912605285645e-01 1.030692338943481445e+00 2.691109776496887207e-01 -7.988609075546264648e-01 9.139287471771240234e-01 3.586501479148864746e-01 -8.381676077842712402e-01 7.955565452575683594e-01 5.000550150871276855e-01 -8.420250415802001953e-01 8.540089726448059082e-01 4.756509065628051758e-01 -8.661452531814575195e-01 1.005168080329895020e+00
3.373234868049621582e-01 -8.434515595436096191e-01 1.030776381492614746e+00 2.692494392395019531e-01 -7.988473176956176758e-01 9.137552976608276367e-01 3.584044873714447021e-01 -8.380628228187561035e-01 7.955200076103210449e-01 5.000680088996887207e-01 -8.419409990310668945e-01 8.540149927139282227e-01 4.757856726646423340e-01 -8.662256002426147461e-01 1.005181074142456055e+00
3.373237252235412598e-01 -8.433774113655090332e-01 1.030878663063049316e+00 2.693562209606170654e-01 -7.988475561141967773e-01 9.135594964027404785e-01 3.581589460372924805e-01 -8.379459381103515625e-01 7.954941391944885254e-01 5.000694394111633301e-01 -8.418621420860290527e-01 8.540428876876831055e-01 4.758693277835845947e-01 -8.662940859794616699e-01 1.005162358283996582e+00
3.373803496360778809e-01 -8.433116078376770020e-01 1.031007409095764160e+00 2.694911956787109375e-01 -7.988579273223876953e-01 9.133803844451904297e-01 3.579177558422088623e-01 -8.378450274467468262e-01 7.954082489013671875e-01 4.999282062053680420e-01 -8.417983651161193848e-01 8.541070818901062012e-01 4.758634269237518311e-01 -8.663330078125000000e-01 1.005082249641418457e+00
3.374638557434082031e-01 -8.432604074478149414e-01 1.031132936477661133e+00 2.695727944374084473e-01 -7.988086342811584473e-01 9.132077097892761230e-01 3.577303588390350342e-01 -8.377598524093627930e-01 7.953626513481140137e-01 4.998063743114471436e-01 -8.417674899101257324e-01 8.541792035102844238e-01 4.759171903133392334e-01 -8.664277791976928711e-01 1.004978775978088379e+00
3.375269174575805664e-01 -8.432403206825256348e-01 1.031291842460632324e+00 2.696622312068939209e-01 -7.987437248229980469e-01 9.131194353103637695e-01 3.576291501522064209e-01 -8.377407193183898926e-01 7.953143715858459473e-01 4.997394979000091553e-01 -8.416838049888610840e-01 8.541781902313232422e-01 4.759446382522583008e-01 -8.665564656257629395e-01 1.004836440086364746e+00
3.375859558582305908e-01 -8.432048559188842773e-01 1.031506180763244629e+00 2.697899639606475830e-01 -7.986687421798706055e-01 9.130094051361083984e-01 3.575133085250854492e-01 -8.377220630645751953e-01 7.953130602836608887e-01 4.997152388095855713e-01 -8.416562676429748535e-01 8.541486859321594238e-01 4.759969413280487061e-01 -8.666896224021911621e-01 1.004693746566772461e+00
3.376301527023315430e-01 -8.431883454322814941e-01 1.031710982322692871e+00 2.698694467544555664e-01 -7.985734939575195312e-01 9.130216836929321289e-01 3.574424088001251221e-01 -8.376805186271667480e-01 7.953790426254272461e-01 4.997208118438720703e-01 -8.415595293045043945e-01 8.541387319564819336e-01 4.759593904018402100e-01 -8.668509125709533691e-01 1.004521846771240234e+00
3.376729786396026611e-01 -8.430998921394348145e-01 1.031948924064636230e+00 2.698692679405212402e-01 -7.984602451324462891e-01 9.131082892417907715e-01 3.574236333370208740e-01 -8.376404643058776855e-01 7.954868078231811523e-01 4.997419416904449463e-01 -8.415304422378540039e-01 8.541512489318847656e-01 4.758705198764801025e-01 -8.670801520347595215e-01 1.004371404647827148e+00
3.377476632595062256e-01 -8.430119156837463379e-01 1.032186150550842285e+00 2.698177099227905273e-01 -7.982620000839233398e-01 9.131745100021362305e-01 3.574568629264831543e-01 -8.376247286796569824e-01 7.955750226974487305e-01 4.996626377105712891e-01 -8.414977788925170898e-01 8.540728092193603516e-01 4.758822619915008545e-01 -8.672987222671508789e-01 1.004225492477416992e+00
3.378244340419769287e-01 -8.429053425788879395e-01 1.032343745231628418e+00 2.696812748908996582e-01 -7.980946302413940430e-01 9.133025407791137695e-01 3.575048744678497314e-01 -8.375296592712402344e-01 7.955927252769470215e-01 4.996424019336700439e-01 -8.414378762245178223e-01 8.539813160896301270e-01 4.759296178817749023e-01 -8.675509691238403320e-01 1.004045009613037109e+00
3.378871977329254150e-01 -8.427293896675109863e-01 1.032420158386230469e+00 2.695275843143463135e-01 -7.979367971420288086e-01 9.135144948959350586e-01 3.575286865234375000e-01 -8.374358415603637695e-01 7.955587506294250488e-01 4.996153414249420166e-01 -8.414816856384277344e-01 8.538701534271240234e-01 4.759741723537445068e-01 -8.678017258644104004e-01 1.003868937492370605e+00
3.379716575145721436e-01 -8.425753116607666016e-01 1.032469391822814941e+00 2.694375216960906982e-01 -7.977679371833801270e-01 9.137647747993469238e-01 3.575345277786254883e-01 -8.373352885246276855e-01 7.955609560012817383e-01 4.996784925460815430e-01 -8.415102362632751465e-01 8.537180423736572266e-01 4.760510623455047607e-01 -8.680350184440612793e-01 1.003743886947631836e+00
3.380698263645172119e-01 -8.423798680305480957e-01 1.032455801963806152e+00 2.693110704421997070e-01 -7.976330518722534180e-01 9.140564203262329102e-01 3.576281070709228516e-01 -8.372261524200439453e-01 7.955891489982604980e-01 4.997740685939788818e-01 -8.415294885635375977e-01 8.535812497138977051e-01 4.761257171630859375e-01 -8.682282567024230957e-01 1.003612756729125977e+00
3.381783664226531982e-01 -8.421978950500488281e-01 1.032457232475280762e+00 2.691318690776824951e-01 -7.975848317146301270e-01 9.143829941749572754e-01 3.577817380428314209e-01 -8.371233940124511719e-01 7.956334948539733887e-01 4.999244809150695801e-01 -8.415627479553222656e-01 8.534464836120605469e-01 4.761681258678436279e-01 -8.682674765586853027e-01 1.003479599952697754e+00
3.382613956928253174e-01 -8.420248627662658691e-01 1.032440543174743652e+00 2.689891457557678223e-01 -7.975844144821166992e-01 9.147482514381408691e-01 3.579259216785430908e-01 -8.369662761688232422e-01 7.957341670989990234e-01 5.000551342964172363e-01 -8.416159152984619141e-01 8.532932400703430176e-01 4.762983024120330811e-01 -8.682027459144592285e-01 1.003327488899230957e+00
3.383556902408599854e-01 -8.418722748756408691e-01 1.032381296157836914e+00 2.689109146595001221e-01 -7.976681590080261230e-01 9.151604175567626953e-01 3.580862283706665039e-01 -8.368079662322998047e-01 7.958581447601318359e-01 5.001028776168823242e-01 -8.416852951049804688e-01 8.531637787818908691e-01 4.764556884765625000e-01 -8.680692315101623535e-01 1.003215074539184570e+00
3.383733034133911133e-01 -8.417645692825317383e-01 1.032345294952392578e+00 2.688756585121154785e-01 -7.977924942970275879e-01 9.155406951904296875e-01 3.582898676395416260e-01 -8.366802334785461426e-01 7.959614992141723633e-01 5.002264976501464844e-01 -8.417952060699462891e-01 8.530723452568054199e-01 4.766259789466857910e-01 -8.679315447807312012e-01 1.003150463104248047e+00
3.384207487106323242e-01 -8.415883183479309082e-01 1.032258391380310059e+00 2.688435018062591553e-01 -7.980118989944458008e-01 9.158464670181274414e-01 3.585628271102905273e-01 -8.365026116371154785e-01 7.961130738258361816e-01 5.003023147583007812e-01 -8.419682383537292480e-01 8.529420495033264160e-01 4.767268896102905273e-01 -8.677808046340942383e-01 1.003092050552368164e+00
3.384392559528350830e-01 -8.414257168769836426e-01 1.032121777534484863e+00 2.687539756298065186e-01 -7.982484102249145508e-01 9.161847233772277832e-01 3.588078916072845459e-01 -8.363592028617858887e-01 7.962234020233154297e-01 5.003581047058105469e-01 -8.421030044555664062e-01 8.528270125389099121e-01 4.767086505889892578e-01 -8.676275014877319336e-01 1.002956986427307129e+00
3.384493887424468994e-01 -8.412424921989440918e-01 1.031940937042236328e+00 2.687354981899261475e-01 -7.986112833023071289e-01 9.164137840270996094e-01 3.589289784431457520e-01 -8.362549543380737305e-01 7.963199019432067871e-01 5.004713535308837891e-01 -8.422933220863342285e-01 8.526829481124877930e-01 4.766810834407806396e-01 -8.674829006195068359e-01 1.002854704856872559e+00
3.385270237922668457e-01 -8.410319685935974121e-01 1.031813263893127441e+00 2.687928974628448486e-01 -7.988941073417663574e-01 9.165629744529724121e-01 3.589273691177368164e-01 -8.362387418746948242e-01 7.964115142822265625e-01 5.005782842636108398e-01 -8.425261974334716797e-01 8.525502681732177734e-01 4.766280651092529297e-01 -8.673473000526428223e-01 1.002832055091857910e+00
3.385924696922302246e-01 -8.408540487289428711e-01 1.031728148460388184e+00 2.688936591148376465e-01 -7.991975545883178711e-01 9.165685176849365234e-01 3.588759601116180420e-01 -8.363597989082336426e-01 7.964415550231933594e-01 5.006764531135559082e-01 -8.426778316497802734e-01 8.524099588394165039e-01 4.764702618122100830e-01 -8.672744035720825195e-01 1.002803683280944824e+00
3.386924266815185547e-01 -8.407059907913208008e-01 1.031622409820556641e+00 2.690080106258392334e-01 -7.994617223739624023e-01 9.163899421691894531e-01 3.587467968463897705e-01 -8.364664912223815918e-01 7.964034080505371094e-01 5.007868409156799316e-01 -8.428164720535278320e-01 8.522538542747497559e-01 4.763123095035552979e-01 -8.671724796295166016e-01 1.002774357795715332e+00
3.388405740261077881e-01 -8.405891060829162598e-01 1.031543374061584473e+00 2.691028714179992676e-01 -7.996244430541992188e-01 9.162355661392211914e-01 3.586177229881286621e-01 -8.367203474044799805e-01 7.963879704475402832e-01 5.008630156517028809e-01 -8.429069519042968750e-01 8.520926237106323242e-01 4.760961830615997314e-01 -8.671749234199523926e-01 1.002773404121398926e+00
3.390050530433654785e-01 -8.404881954193115234e-01 1.031476736068725586e+00 2.692474126815795898e-01 -7.997152805328369141e-01 9.161125421524047852e-01 3.584443926811218262e-01 -8.370015025138854980e-01 7.964240908622741699e-01 5.009552240371704102e-01 -8.428844809532165527e-01 8.520446419715881348e-01 4.757574200630187988e-01 -8.671424984931945801e-01 1.002804875373840332e+00
3.392282128334045410e-01 -8.404189348220825195e-01 1.031402826309204102e+00 2.693507671356201172e-01 -7.997552156448364258e-01 9.158682227134704590e-01 3.582942783832550049e-01 -8.373466134071350098e-01 7.964618802070617676e-01 5.009969472885131836e-01 -8.427424430847167969e-01 8.520045876502990723e-01 4.753545522689819336e-01 -8.670701384544372559e-01 1.002946615219116211e+00
3.394191861152648926e-01 2.059578895568847656e+00 1.031361103057861328e+00 2.694710791110992432e-01 2.100226879119873047e+00 9.155412912368774414e-01 3.581402003765106201e-01 2.062308311462402344e+00 7.964589595794677734e-01 5.010103583335876465e-01 2.057417154312133789e+00 8.519840240478515625e-01 4.749808907508850098e-01 2.033061981201171875e+00 1.003073334693908691e+00
3.395560383796691895e-01 2.059571743011474609e+00 1.031313300132751465e+00 2.696652710437774658e-01 2.100183725357055664e+00 9.150743484497070312e-01 3.580820560455322266e-01 2.062021493911743164e+00 7.963948845863342285e-01 5.010418295860290527e-01 2.057629585266113281e+00 8.519968986511230469e-01 4.746010899543762207e-01 2.033154249191284180e+00 1.003222227096557617e+00
3.396463990211486816e-01 2.059559583663940430e+00 1.031291127204895020e+00 2.698268294334411621e-01 2.100182771682739258e+00 9.145994186401367188e-01 3.580799996852874756e-01 2.061796665191650391e+00 7.963827848434448242e-01 5.010934472084045410e-01 2.057780027389526367e+00 8.521085977554321289e-01 4.741497635841369629e-01 2.033244609832763672e+00 1.003495097160339355e+00
3.396810889244079590e-01 2.059499979019165039e+00 1.031212449073791504e+00 2.698982059955596924e-01 2.100317955017089844e+00 9.140880107879638672e-01 3.581114113330841064e-01 2.061584472656250000e+00 7.963296175003051758e-01 5.011901259422302246e-01 2.057922601699829102e+00 8.523727655410766602e-01 4.737657010555267334e-01 2.033278226852416992e+00 1.003722310066223145e+00
3.395959436893463135e-01 2.059362888336181641e+00 1.031167864799499512e+00 2.700772881507873535e-01 2.100567340850830078e+00 9.135694503784179688e-01 3.582419455051422119e-01 2.061430215835571289e+00 7.963077425956726074e-01 5.013330578804016113e-01 2.057991981506347656e+00 8.526630401611328125e-01 4.734473228454589844e-01 2.033235073089599609e+00 1.003991127014160156e+00
3.395259976387023926e-01 2.059232473373413086e+00 1.031149983406066895e+00 2.703376114368438721e-01 2.100772619247436523e+00 9.131341576576232910e-01 3.584172725677490234e-01 2.061294794082641602e+00 7.963735461235046387e-01 5.015420913696289062e-01 2.058004140853881836e+00 8.529895544052124023e-01 4.732144474983215332e-01 2.033155918121337891e+00 1.004256963729858398e+00
3.394379913806915283e-01 2.059105634689331055e+00 1.031117796897888184e+00 2.706106305122375488e-01 2.101030588150024414e+00 9.128094315528869629e-01 3.586145043373107910e-01 2.061233758926391602e+00 7.964510917663574219e-01 5.017176866531372070e-01 2.057947635650634766e+00 8.533517718315124512e-01 4.730356633663177490e-01 2.033027410507202148e+00 1.004532694816589355e+00
3.392510712146759033e-01 2.058963060379028320e+00 1.031122803688049316e+00 2.708994746208190918e-01 2.101285457611083984e+00 9.125028252601623535e-01 3.589415848255157471e-01 2.061248064041137695e+00 7.965569496154785156e-01 5.018613338470458984e-01 2.057796001434326172e+00 8.536713719367980957e-01 4.730625152587890625e-01 2.032886266708374023e+00 1.004754900932312012e+00
3.389777243137359619e-01 2.058844804763793945e+00 1.031079292297363281e+00 2.711674869060516357e-01 2.101535797119140625e+00 9.122830033302307129e-01 3.592785000801086426e-01 2.061234951019287109e+00 7.966294288635253906e-01 5.020313262939453125e-01 2.057605266571044922e+00 8.540142178535461426e-01 4.732532799243927002e-01 2.032663345336914062e+00 1.004898786544799805e+00
3.386690914630889893e-01 2.058765649795532227e+00 1.031021595001220703e+00 2.713519930839538574e-01 2.101814031600952148e+00 9.122245907783508301e-01 3.596081733703613281e-01 2.061228036880493164e+00 7.967695593833923340e-01 5.021665692329406738e-01 2.057380437850952148e+00 8.543519377708435059e-01 4.734888672828674316e-01 2.032432794570922852e+00 1.004960775375366211e+00
3.383045494556427002e-01 2.058753252029418945e+00 1.030997395515441895e+00 2.715480029582977295e-01 2.102091312408447266e+00 9.122581481933593750e-01 3.599016666412353516e-01 2.061278104782104492e+00 7.968832254409790039e-01 5.022873878479003906e-01 2.057109594345092773e+00 8.547296524047851562e-01 4.738936722278594971e-01 2.032191514968872070e+00 1.004946351051330566e+00
3.379922509193420410e-01 2.058772802352905273e+00 1.030973076820373535e+00 2.717154920101165771e-01 2.102349281311035156e+00 9.123889803886413574e-01 3.601676523685455322e-01 2.061341762542724609e+00 7.969976663589477539e-01 5.023425817489624023e-01 2.056913137435913086e+00 8.550662994384765625e-01 4.743589460849761963e-01 2.031911849975585938e+00 1.004889845848083496e+00
3.377251327037811279e-01 2.058782815933227539e+00 1.031006693840026855e+00 2.718834280967712402e-01 2.102617025375366211e+00 9.125674366950988770e-01 3.603506684303283691e-01 2.061479091644287109e+00 7.970645427703857422e-01 5.023430585861206055e-01 2.056732177734375000e+00 8.553211092948913574e-01 4.748548269271850586e-01 2.031631469726562500e+00 1.004783511161804199e+00
3.374488651752471924e-01 2.058770656585693359e+00 1.031024813652038574e+00 2.720152437686920166e-01 2.102837562561035156e+00 9.127560257911682129e-01 3.605656027793884277e-01 2.061598539352416992e+00 7.970448136329650879e-01 5.023745894432067871e-01 2.056569576263427734e+00 8.555734753608703613e-01 4.753663837909698486e-01 2.031335830688476562e+00 1.004648327827453613e+00
3.371857106685638428e-01 2.058753967285156250e+00 1.030980110168457031e+00 2.720664441585540771e-01 2.103121757507324219e+00 9.129692912101745605e-01 3.607509434223175049e-01 2.061703443527221680e+00 7.969470024108886719e-01 5.023960471153259277e-01 2.056468248367309570e+00 8.558155298233032227e-01 4.759097099304199219e-01 2.030990600585937500e+00 1.004469513893127441e+00
3.369148373603820801e-01 2.058728218078613281e+00 1.030951499938964844e+00 2.720330059528350830e-01 2.103403806686401367e+00 9.132151007652282715e-01 3.608797788619995117e-01 2.061822175979614258e+00 7.967627048492431641e-01 5.023698806762695312e-01 2.056418895721435547e+00 8.559583425521850586e-01 4.763842821121215820e-01 2.030611753463745117e+00 1.004359364509582520e+00
3.366310894489288330e-01 2.058681726455688477e+00 1.030922055244445801e+00 2.719654142856597900e-01 2.103676795959472656e+00 9.134829640388488770e-01 3.610320389270782471e-01 2.061949014663696289e+00 7.966099977493286133e-01 5.022813677787780762e-01 2.056312084197998047e+00 8.560441136360168457e-01 4.767499566078186035e-01 2.030301809310913086e+00 1.004264473915100098e+00
3.363871872425079346e-01 2.058632135391235352e+00 1.030844807624816895e+00 2.718706130981445312e-01 2.103914499282836914e+00 9.137178659439086914e-01 3.611029982566833496e-01 2.062070369720458984e+00 7.964242696762084961e-01 5.021870136260986328e-01 2.056202650070190430e+00 8.560784459114074707e-01 4.770248532295227051e-01 2.030018568038940430e+00 1.004175186157226562e+00
3.362456262111663818e-01 2.058571815490722656e+00 1.030747771263122559e+00 2.717378735542297363e-01 2.104059457778930664e+00 9.139849543571472168e-01 3.610148727893829346e-01 2.062187671661376953e+00 7.962876558303833008e-01 5.021377205848693848e-01 2.056055545806884766e+00 8.560846447944641113e-01 4.772146940231323242e-01 2.029832601547241211e+00 1.004127621650695801e+00
3.361791372299194336e-01 2.058569908142089844e+00 1.030629873275756836e+00 2.715993523597717285e-01 2.104183673858642578e+00 9.141511321067810059e-01 3.609226047992706299e-01 2.062225103378295898e+00 7.961687445640563965e-01 5.019946098327636719e-01 2.055965662002563477e+00 8.560610413551330566e-01 4.773723185062408447e-01 2.029719352722167969e+00 1.004158139228820801e+00
3.361920714378356934e-01 2.058556556701660156e+00 1.030536174774169922e+00 2.714191079139709473e-01 2.104291915893554688e+00 9.142892956733703613e-01 3.608192205429077148e-01 2.062250614166259766e+00 7.959777712821960449e-01 5.018748641014099121e-01 2.055801391601562500e+00 8.559527993202209473e-01 4.773951172828674316e-01 2.029739379882812500e+00 1.004166960716247559e+00
3.363119661808013916e-01 2.058494806289672852e+00 1.030518293380737305e+00 2.711689770221710205e-01 2.104397296905517578e+00 9.143921136856079102e-01 3.606570363044738770e-01 2.062326908111572266e+00 7.958331108093261719e-01 5.017228722572326660e-01 2.055583477020263672e+00 8.558710217475891113e-01 4.772820472717285156e-01 2.029784202575683594e+00 1.004124164581298828e+00
3.364769816398620605e-01 2.058346033096313477e+00 1.030517935752868652e+00 2.708725631237030029e-01 2.104511022567749023e+00 9.144939780235290527e-01 3.605485856533050537e-01 2.062289714813232422e+00 7.957072854042053223e-01 5.016121864318847656e-01 2.055306434631347656e+00 8.556960225105285645e-01 4.771063923835754395e-01 2.029892206192016602e+00 1.004040598869323730e+00
3.366292417049407959e-01 2.058069705963134766e+00 1.030619621276855469e+00 2.705544531345367432e-01 2.104586362838745117e+00 9.145264625549316406e-01 3.604831695556640625e-01 2.062245607376098633e+00 7.956100702285766602e-01 5.015350580215454102e-01 2.055055856704711914e+00 8.555014133453369141e-01 4.767896234989166260e-01 2.029994964599609375e+00 1.004125833511352539e+00
3.368053734302520752e-01 2.057766437530517578e+00 1.030750632286071777e+00 2.702607512474060059e-01 2.104641437530517578e+00 9.144300818443298340e-01 3.604754805564880371e-01 2.062175273895263672e+00 7.955048680305480957e-01 5.014746189117431641e-01 2.054847478866577148e+00 8.552463650703430176e-01 4.763593375682830811e-01 2.030097484588623047e+00 1.004240512847900391e+00
3.370260298252105713e-01 2.057395458221435547e+00 1.030879378318786621e+00 2.699523270130157471e-01 2.104641675949096680e+00 9.143529534339904785e-01 3.605518937110900879e-01 2.062044858932495117e+00 7.953304648399353027e-01 5.014614462852478027e-01 2.054698705673217773e+00 8.550254702568054199e-01 4.758642315864562988e-01 2.030175924301147461e+00 1.004326820373535156e+00
3.372497856616973877e-01 2.057025432586669922e+00 1.030994415283203125e+00 2.695885896682739258e-01 2.104590892791748047e+00 9.142366051673889160e-01 3.606408536434173584e-01 2.061944007873535156e+00 7.951165437698364258e-01 5.014042258262634277e-01 2.054588317871093750e+00 8.547607660293579102e-01 4.753330945968627930e-01 2.030251502990722656e+00 1.004459619522094727e+00
3.373866975307464600e-01 2.056577920913696289e+00 1.031106948852539062e+00 2.692768871784210205e-01 2.104525089263916016e+00 9.140902161598205566e-01 3.606658577919006348e-01 2.061817884445190430e+00 7.948508262634277344e-01 5.012648701667785645e-01 2.054491996765136719e+00 8.545045852661132812e-01 4.748424887657165527e-01 2.030321121215820312e+00 1.004654288291931152e+00
3.374666869640350342e-01 2.056123018264770508e+00 1.031211733818054199e+00 2.690548300743103027e-01 2.104465007781982422e+00 9.139178991317749023e-01 3.607170879840850830e-01 2.061689376831054688e+00 7.946212291717529297e-01 5.011174678802490234e-01 2.054415702819824219e+00 8.542513251304626465e-01 4.744655787944793701e-01 2.030455827713012695e+00 1.004809141159057617e+00
3.374617993831634521e-01 2.055631160736083984e+00 1.031322956085205078e+00 2.688527107238769531e-01 2.104330539703369141e+00 9.138165116310119629e-01 3.606488406658172607e-01 2.061563253402709961e+00 7.944236993789672852e-01 5.009877681732177734e-01 2.054344654083251953e+00 8.541064262390136719e-01 4.741523861885070801e-01 2.030594348907470703e+00 1.004954934120178223e+00
3.374300897121429443e-01 2.055191278457641602e+00 1.031514406204223633e+00 2.687821984291076660e-01 2.104108572006225586e+00 9.136958718299865723e-01 3.605338633060455322e-01 2.061453104019165039e+00 7.943177223205566406e-01 5.009018182754516602e-01 2.054250478744506836e+00 8.540169000625610352e-01 4.740116298198699951e-01 2.030732393264770508e+00 1.005039811134338379e+00
3.373242616653442383e-01 2.054771661758422852e+00 1.031677007675170898e+00 2.688599824905395508e-01 2.103787422180175781e+00 9.136065840721130371e-01 3.603394329547882080e-01 2.061419010162353516e+00 7.942570447921752930e-01 5.007885098457336426e-01 2.054199695587158203e+00 8.539221882820129395e-01 4.738523364067077637e-01 2.030885457992553711e+00 1.005068421363830566e+00
3.371846377849578857e-01 2.054401397705078125e+00 1.031856417655944824e+00 2.690652906894683838e-01 2.103467941284179688e+00 9.135459065437316895e-01 3.600286543369293213e-01 2.061456918716430664e+00 7.942672371864318848e-01 5.006830096244812012e-01 2.054211139678955078e+00 8.539222478866577148e-01 4.737853705883026123e-01 2.030958890914916992e+00 1.005143523216247559e+00
3.370353877544403076e-01 2.054123878479003906e+00 1.032058477401733398e+00 2.693347036838531494e-01 2.103075981140136719e+00 9.135331511497497559e-01 3.596826791763305664e-01 2.061511516571044922e+00 7.942728996276855469e-01 5.005751848220825195e-01 2.054220914840698242e+00 8.539229631423950195e-01 4.738016426563262939e-01 2.030975580215454102e+00 1.005132198333740234e+00
3.368415832519531250e-01 2.053887367248535156e+00 1.032260775566101074e+00 2.696307301521301270e-01 2.102666378021240234e+00 9.135442972183227539e-01 3.592315912246704102e-01 2.061569213867187500e+00 7.942920923233032227e-01 5.004274249076843262e-01 2.054227828979492188e+00 8.539510369300842285e-01 4.738031029701232910e-01 2.031028270721435547e+00 1.005067944526672363e+00
3.365572094917297363e-01 2.053756952285766602e+00 1.032396793365478516e+00 2.699333131313323975e-01 2.102263689041137695e+00 9.136170744895935059e-01 3.587394356727600098e-01 2.061596632003784180e+00 7.942719459533691406e-01 5.002295374870300293e-01 2.054223537445068359e+00 8.539398908615112305e-01 4.738690555095672607e-01 2.031062126159667969e+00 1.004951477050781250e+00
3.362077474594116211e-01 2.053651094436645508e+00 1.032460570335388184e+00 2.702578008174896240e-01 2.101804256439208984e+00 9.136486053466796875e-01 3.582417964935302734e-01 2.061660766601562500e+00 7.943501472473144531e-01 5.000270605087280273e-01 2.054202318191528320e+00 8.539336919784545898e-01 4.739854633808135986e-01 2.031064033508300781e+00 1.004877924919128418e+00
3.358695507049560547e-01 2.053572654724121094e+00 1.032465815544128418e+00 2.704890072345733643e-01 2.101391792297363281e+00 9.137659668922424316e-01 3.577366173267364502e-01 2.061672210693359375e+00 7.945479750633239746e-01 4.997054934501647949e-01 2.054175138473510742e+00 8.538731336593627930e-01 4.741388857364654541e-01 2.031107187271118164e+00 1.004851579666137695e+00
3.355400264263153076e-01 2.053478240966796875e+00 1.032438993453979492e+00 2.706528306007385254e-01 2.101005792617797852e+00 9.139469861984252930e-01 3.572580516338348389e-01 2.061791419982910156e+00 7.946781516075134277e-01 4.994035363197326660e-01 2.054143428802490234e+00 8.537775874137878418e-01 4.742582142353057861e-01 2.031182765960693359e+00 1.004793643951416016e+00
3.352795839309692383e-01 2.053430557250976562e+00 1.032377362251281738e+00 2.707918584346771240e-01 2.100612163543701172e+00 9.141814708709716797e-01 3.568273782730102539e-01 2.061981916427612305e+00 7.948879599571228027e-01 4.991251826286315918e-01 2.054059028625488281e+00 8.536840081214904785e-01 4.742547571659088135e-01 2.031307458877563477e+00 1.004770278930664062e+00
3.350619971752166748e-01 2.053452730178833008e+00 1.032241582870483398e+00 2.707930207252502441e-01 2.100324392318725586e+00 9.145195484161376953e-01 3.564787805080413818e-01 2.062197446823120117e+00 7.950948476791381836e-01 4.988448917865753174e-01 2.053910970687866211e+00 8.535180687904357910e-01 4.741860628128051758e-01 2.031455993652343750e+00 1.004761457443237305e+00
3.349037766456604004e-01 2.053534507751464844e+00 1.032063841819763184e+00 2.707250416278839111e-01 2.100057125091552734e+00 9.148654341697692871e-01 3.561949431896209717e-01 2.062465190887451172e+00 7.953277826309204102e-01 4.985976517200469971e-01 2.053631782531738281e+00 8.533307909965515137e-01 4.740134775638580322e-01 2.031702756881713867e+00 1.004680871963500977e+00
3.347894251346588135e-01 2.053655147552490234e+00 1.031786203384399414e+00 2.706114053726196289e-01 2.099878072738647461e+00 9.151747226715087891e-01 3.560043275356292725e-01 2.062825918197631836e+00 7.955126762390136719e-01 4.983363151550292969e-01 2.053296327590942383e+00 8.531084656715393066e-01 4.737920165061950684e-01 2.031975030899047852e+00 1.004587650299072266e+00
3.347246944904327393e-01 2.053818225860595703e+00 1.031510710716247559e+00 2.703966796398162842e-01 2.099809169769287109e+00 9.154883623123168945e-01 3.558404445648193359e-01 2.063207387924194336e+00 7.957121133804321289e-01 4.980808794498443604e-01 2.052881956100463867e+00 8.529008030891418457e-01 4.735440909862518311e-01 2.032250881195068359e+00 1.004476547241210938e+00
3.345975577831268311e-01 2.053949117660522461e+00 1.031185269355773926e+00 2.701332867145538330e-01 2.099822044372558594e+00 9.157823920249938965e-01 3.557417690753936768e-01 2.063579797744750977e+00 7.959566712379455566e-01 4.978179633617401123e-01 2.052392482757568359e+00 8.526640534400939941e-01 4.732592403888702393e-01 2.032501697540283203e+00 1.004302859306335449e+00
3.345038592815399170e-01 2.054109334945678711e+00 1.030906558036804199e+00 2.697906792163848877e-01 2.099980115890502930e+00 9.161140918731689453e-01 3.556559979915618896e-01 2.063961267471313477e+00 7.962081432342529297e-01 4.976313412189483643e-01 2.051956176757812500e+00 8.524818420410156250e-01 4.729428589344024658e-01 2.032840013504028320e+00 1.004097819328308105e+00
3.344119191169738770e-01 2.054283618927001953e+00 1.030638456344604492e+00 2.693817317485809326e-01 2.100186347961425781e+00 9.164252877235412598e-01 3.555645048618316650e-01 2.064327955245971680e+00 7.965013980865478516e-01 4.974540472030639648e-01 2.051512479782104492e+00 8.523433804512023926e-01 4.726089835166931152e-01 2.033268451690673828e+00 1.003841161727905273e+00
3.343353569507598877e-01 2.054432153701782227e+00 1.030365467071533203e+00 2.688558101654052734e-01 2.100427627563476562e+00 9.167490005493164062e-01 3.555214703083038330e-01 2.064597129821777344e+00 7.968747615814208984e-01 4.973111748695373535e-01 2.051041841506958008e+00 8.521796464920043945e-01 4.723201394081115723e-01 2.033657312393188477e+00 1.003561973571777344e+00
3.342611491680145264e-01 2.054540872573852539e+00 1.030164361000061035e+00 2.682630121707916260e-01 2.100655317306518555e+00 9.170457124710083008e-01 3.554383516311645508e-01 2.064770221710205078e+00 7.971957921981811523e-01 4.972192645072937012e-01 2.050610303878784180e+00 8.519378900527954102e-01 4.721254408359527588e-01 2.033999919891357422e+00 1.003283381462097168e+00
3.342215120792388916e-01 2.054598093032836914e+00 1.029990315437316895e+00 2.676289379596710205e-01 2.100973367691040039e+00 9.171847105026245117e-01 3.552797138690948486e-01 2.064839363098144531e+00 7.974593639373779297e-01 4.972085058689117432e-01 2.050175905227661133e+00 8.516669273376464844e-01 4.719616472721099854e-01 2.034292936325073242e+00 1.002981901168823242e+00
3.341678977012634277e-01 2.054538726806640625e+00 1.029848575592041016e+00 2.669317424297332764e-01 2.101395130157470703e+00 9.173131585121154785e-01 3.550415337085723877e-01 2.064802646636962891e+00 7.976049184799194336e-01 4.972606897354125977e-01 2.049782037734985352e+00 8.514921665191650391e-01 4.719712436199188232e-01 2.034666776657104492e+00 1.002665400505065918e+00
3.341876566410064697e-01 2.054397583007812500e+00 1.029747247695922852e+00 2.662435770034790039e-01 2.101792335510253906e+00 9.173645377159118652e-01 3.547378182411193848e-01 2.064699172973632812e+00 7.977022528648376465e-01 4.974434673786163330e-01 2.049369573593139648e+00 8.513033390045166016e-01 4.720367491245269775e-01 2.034965753555297852e+00 1.002398967742919922e+00
3.342172205448150635e-01 2.054272651672363281e+00 1.029619932174682617e+00 2.655739784240722656e-01 2.102204561233520508e+00 9.173814654350280762e-01 3.544650375843048096e-01 2.064575910568237305e+00 7.978584170341491699e-01 4.977218210697174072e-01 2.048998117446899414e+00 8.511745333671569824e-01 4.721004664897918701e-01 2.035326480865478516e+00 1.002134323120117188e+00
3.342713117599487305e-01 2.054093837738037109e+00 1.029503703117370605e+00 2.649363279342651367e-01 2.102609634399414062e+00 9.172999262809753418e-01 3.541717529296875000e-01 2.064373254776000977e+00 7.979797124862670898e-01 4.979555606842041016e-01 2.048702955245971680e+00 8.509647846221923828e-01 4.721706211566925049e-01 2.035706520080566406e+00 1.001922607421875000e+00
3.342736363410949707e-01 2.053893327713012695e+00 1.029383897781372070e+00 2.643804550170898438e-01 2.103005647659301758e+00 9.171180129051208496e-01 3.539039790630340576e-01 2.064123153686523438e+00 7.981432676315307617e-01 4.981959760189056396e-01 2.048409461975097656e+00 8.507915139198303223e-01 4.722964763641357422e-01 2.036135435104370117e+00 1.001747608184814453e+00
3.342562615871429443e-01 2.053809881210327148e+00 1.029302358627319336e+00 2.638100683689117432e-01 2.103343486785888672e+00 9.168817996978759766e-01 3.536553084850311279e-01 2.063941478729248047e+00 7.983559966087341309e-01 4.984781742095947266e-01 2.048160552978515625e+00 8.506826758384704590e-01 4.724982380867004395e-01 2.036507844924926758e+00 1.001673460006713867e+00
3.342138826847076416e-01 2.053790330886840820e+00 1.029223799705505371e+00 2.633256614208221436e-01 2.103551149368286133e+00 9.166150093078613281e-01 3.534491360187530518e-01 2.063832521438598633e+00 7.985808253288269043e-01 4.986916482448577881e-01 2.047957897186279297e+00 8.506057858467102051e-01 4.727516174316406250e-01 2.036865472793579102e+00 1.001678347587585449e+00
3.341954946517944336e-01 2.053702831268310547e+00 1.029175519943237305e+00 2.629566490650177002e-01 2.103743076324462891e+00 9.162985086441040039e-01 3.532717227935791016e-01 2.063817977905273438e+00 7.988470196723937988e-01 4.987863600254058838e-01 2.047714471817016602e+00 8.505291342735290527e-01 4.730416834354400635e-01 2.037168502807617188e+00 1.001751661300659180e+00
3.342457711696624756e-01 2.053663492202758789e+00 1.029175400733947754e+00 2.626489698886871338e-01 2.103964805603027344e+00 9.159420728683471680e-01 3.531961441040039062e-01 2.063842058181762695e+00 7.990829944610595703e-01 4.989010095596313477e-01 2.047501802444458008e+00 8.504836559295654297e-01 4.733849465847015381e-01 2.037451267242431641e+00 1.001917719841003418e+00
3.342684805393218994e-01 2.053647756576538086e+00 1.029145956039428711e+00 2.624137699604034424e-01 2.104150772094726562e+00 9.157153367996215820e-01 3.531826734542846680e-01 2.063764095306396484e+00 7.993384599685668945e-01 4.989721179008483887e-01 2.047297716140747070e+00 8.505047559738159180e-01 4.737940728664398193e-01 2.037765979766845703e+00 1.002050399780273438e+00
